Node#	Received
160		212
62		179
107		169
121		157
86		154
434		151
183		143
129		139
64		136
128		132
106		128
166		127
5		124
82		121
283		120
211		118
256		118
301		116
105		115
249		112
21		111
87		109
114		109
420		109
282		106
63		104
280		104
58		103
115		101
212		101
142		99
96		97
28		96
169		96
820		96
333		94
6		93
44		92
81		92
165		92
340		92
365		90
424		90
377		88
170		87
83		86
366		86
329		85
533		85
303		83
405		83
252		82
494		80
2		77
137		77
210		77
232		77
74		76
371		76
438		76
215		75
473		75
4		74
113		74
411		74
133		73
493		73
546		73
184		72
419		72
367		71
172		70
296		70
269		69
16		68
23		68
46		68
116		68
141		68
180		68
285		68
290		67
41		66
393		66
518		66
174		65
459		65
20		64
168		63
173		63
440		63
3		62
11		62
19		62
51		62
362		62
13		61
17		61
80		61
189		61
404		61
474		61
498		61
152		60
209		60
412		60
271		58
859		58
89		57
222		56
14		55
30		55
61		55
295		55
57		54
157		54
221		54
35		53
155		53
375		53
417		53
450		53
856		53
932		53
132		52
208		52
305		52
338		52
1		51
27		51
93		51
162		51
455		51
506		51
42		50
214		50
318		50
526		50
7		49
167		49
179		49
231		49
495		49
29		48
40		48
84		48
236		48
421		48
520		48
47		47
145		47
191		47
245		47
263		47
356		47
361		47
427		47
509		47
612		47
12		46
18		46
48		46
59		46
131		46
226		46
243		46
426		46
531		46
15		45
143		45
181		45
233		45
255		45
281		45
368		45
950		45
206		44
342		44
441		44
460		44
486		44
809		44
812		44
36		43
103		43
158		43
201		43
218		43
261		43
351		43
464		43
54		42
151		42
194		42
357		42
443		42
549		42
10		41
69		41
177		41
223		41
272		41
286		41
355		41
430		41
458		41
513		41
65		40
278		40
300		40
320		40
339		40
358		40
615		40
31		39
56		39
60		39
68		39
164		39
171		39
187		39
203		39
363		39
481		39
499		39
515		39
593		39
661		39
45		38
92		38
154		38
199		38
316		38
408		38
94		37
95		37
108		37
147		37
163		37
321		37
326		37
337		37
601		37
654		37
685		37
100		36
130		36
139		36
213		36
238		36
376		36
395		36
466		36
483		36
504		36
552		36
55		35
79		35
85		35
135		35
161		35
284		35
308		35
482		35
8		34
159		34
200		34
234		34
292		34
379		34
389		34
397		34
480		34
490		34
525		34
707		34
963		34
39		33
124		33
140		33
197		33
380		33
448		33
543		33
0		32
25		32
32		32
104		32
150		32
258		32
306		32
314		32
336		32
401		32
423		32
529		32
738		32
251		31
265		31
311		31
323		31
422		31
26		30
88		30
123		30
250		30
394		30
409		30
429		30
38		29
138		29
178		29
190		29
195		29
207		29
254		29
268		29
309		29
327		29
353		29
390		29
400		29
418		29
452		29
547		29
569		29
592		29
126		28
182		28
204		28
242		28
288		28
304		28
360		28
447		28
544		28
560		28
590		28
667		28
847		28
9		27
53		27
91		27
136		27
205		27
229		27
244		27
264		27
381		27
478		27
485		27
489		27
581		27
700		27
880		27
24		26
188		26
216		26
325		26
437		26
508		26
562		26
607		26
655		26
845		26
73		25
101		25
176		25
193		25
225		25
259		25
275		25
406		25
444		25
457		25
462		25
550		25
586		25
611		25
671		25
776		25
33		24
90		24
118		24
149		24
273		24
310		24
346		24
347		24
378		24
413		24
445		24
698		24
900		24
34		23
78		23
98		23
99		23
153		23
196		23
237		23
253		23
266		23
274		23
302		23
335		23
345		23
373		23
387		23
388		23
428		23
431		23
492		23
568		23
608		23
714		23
37		22
76		22
228		22
262		22
291		22
294		22
372		22
407		22
442		22
446		22
572		22
588		22
665		22
699		22
747		22
754		22
826		22
832		22
97		21
122		21
134		21
299		21
312		21
352		21
385		21
468		21
470		21
511		21
748		21
896		21
66		20
125		20
156		20
186		20
240		20
241		20
248		20
322		20
343		20
350		20
359		20
453		20
467		20
496		20
532		20
548		20
571		20
602		20
642		20
681		20
823		20
908		20
990		20
192		19
198		19
227		19
260		19
297		19
317		19
331		19
391		19
392		19
433		19
484		19
510		19
545		19
576		19
663		19
679		19
710		19
828		19
918		19
52		18
77		18
219		18
235		18
267		18
332		18
334		18
349		18
399		18
469		18
500		18
502		18
537		18
765		18
816		18
914		18
917		18
949		18
112		17
230		17
287		17
313		17
403		17
425		17
573		17
640		17
708		17
753		17
756		17
777		17
913		17
922		17
70		16
102		16
127		16
257		16
277		16
293		16
328		16
384		16
461		16
497		16
523		16
566		16
570		16
579		16
589		16
662		16
666		16
720		16
728		16
803		16
840		16
860		16
50		15
71		15
117		15
217		15
247		15
527		15
555		15
557		15
822		15
933		15
75		14
120		14
146		14
148		14
220		14
324		14
344		14
370		14
396		14
501		14
541		14
542		14
587		14
597		14
690		14
758		14
815		14
892		14
925		14
930		14
22		13
49		13
119		13
505		13
517		13
521		13
582		13
618		13
621		13
643		13
672		13
734		13
768		13
872		13
931		13
956		13
246		12
270		12
307		12
487		12
503		12
516		12
551		12
563		12
641		12
644		12
651		12
719		12
725		12
804		12
907		12
926		12
987		12
43		11
144		11
239		11
319		11
477		11
514		11
536		11
554		11
558		11
575		11
624		11
647		11
656		11
695		11
723		11
883		11
919		11
921		11
929		11
981		11
185		10
224		10
354		10
600		10
627		10
706		10
717		10
733		10
789		10
818		10
924		10
957		10
971		10
976		10
110		9
276		9
279		9
298		9
330		9
341		9
364		9
374		9
402		9
410		9
465		9
528		9
535		9
538		9
585		9
623		9
649		9
664		9
674		9
678		9
683		9
726		9
730		9
764		9
851		9
865		9
927		9
951		9
953		9
67		8
111		8
175		8
289		8
315		8
386		8
451		8
471		8
530		8
540		8
553		8
565		8
598		8
604		8
610		8
613		8
686		8
729		8
771		8
877		8
947		8
955		8
432		7
454		7
472		7
476		7
488		7
491		7
519		7
539		7
556		7
591		7
628		7
687		7
694		7
696		7
705		7
841		7
849		7
854		7
936		7
937		7
952		7
954		7
974		7
72		6
202		6
369		6
383		6
559		6
594		6
617		6
619		6
625		6
638		6
639		6
669		6
697		6
718		6
721		6
735		6
736		6
739		6
767		6
807		6
835		6
909		6
980		6
382		5
479		5
577		5
609		5
616		5
645		5
693		5
715		5
741		5
745		5
749		5
751		5
752		5
778		5
786		5
791		5
797		5
799		5
806		5
811		5
813		5
817		5
819		5
833		5
836		5
852		5
869		5
923		5
964		5
967		5
1000	5
1001	5
109		4
348		4
398		4
435		4
507		4
512		4
567		4
574		4
584		4
605		4
614		4
637		4
646		4
652		4
676		4
712		4
722		4
757		4
760		4
783		4
785		4
796		4
800		4
805		4
814		4
825		4
855		4
857		4
867		4
889		4
906		4
934		4
935		4
945		4
991		4
414		3
415		3
416		3
436		3
439		3
522		3
564		3
596		3
599		3
620		3
629		3
630		3
631		3
632		3
682		3
709		3
727		3
740		3
742		3
743		3
769		3
781		3
782		3
810		3
848		3
866		3
870		3
874		3
878		3
885		3
887		3
903		3
911		3
958		3
968		3
977		3
978		3
983		3
984		3
986		3
989		3
997		3
456		2
463		2
475		2
534		2
635		2
636		2
659		2
673		2
677		2
689		2
702		2
704		2
713		2
716		2
724		2
737		2
763		2
766		2
779		2
784		2
793		2
794		2
801		2
837		2
842		2
844		2
850		2
868		2
873		2
882		2
884		2
886		2
890		2
891		2
893		2
895		2
898		2
905		2
912		2
939		2
940		2
962		2
966		2
969		2
970		2
972		2
988		2
449		1
561		1
578		1
580		1
583		1
595		1
603		1
606		1
622		1
626		1
633		1
634		1
648		1
650		1
653		1
657		1
658		1
660		1
668		1
670		1
675		1
680		1
684		1
688		1
691		1
692		1
701		1
703		1
711		1
731		1
732		1
744		1
746		1
759		1
761		1
762		1
770		1
772		1
773		1
774		1
775		1
780		1
787		1
788		1
792		1
795		1
798		1
802		1
808		1
821		1
824		1
827		1
829		1
830		1
831		1
834		1
838		1
839		1
843		1
846		1
853		1
861		1
862		1
864		1
871		1
876		1
881		1
888		1
894		1
897		1
899		1
902		1
904		1
910		1
915		1
916		1
920		1
928		1
938		1
942		1
946		1
948		1
959		1
960		1
961		1
965		1
973		1
975		1
979		1
985		1
992		1
993		1
994		1
996		1
998		1
999		1
1002	1
1003	1
1004	1
524		0
750		0
755		0
790		0
858		0
863		0
875		0
879		0
901		0
941		0
943		0
944		0
982		0
995		0
